Start time: 4.28.2010 - 11h.16m.31s


0.020
0.151
0.212
0.229
0.195
0.171
0.134
0.107
0.161
0.161
0.081
0.110
0.029
0.017
-0.002
-0.002
-0.002
-0.002
0.132
0.215
0.105
-0.002
0.117
0.251
0.305
0.303
0.298
0.313
0.295
0.269
0.303
0.254
0.164
0.642
0.732
0.410
0.222
0.154
2.498
2.498
2.498
2.498
2.498
2.498
2.498
2.498
2.498
2.498
2.498
2.498
2.498
2.498
2.498
2.498
2.498
2.498
2.498
2.498
2.498
2.498
2.498
2.498
2.498
2.498
2.498
2.498
2.498
2.498
2.498
2.498
2.498
2.498
2.498
2.498
2.498
2.498
2.498
2.498
2.498
2.498
2.498
2.498
2.498
2.498
2.498
2.498
2.498
2.498
2.498
2.498
2.498
2.498
2.498
2.498
2.498
2.498
2.498
2.498
2.498
2.498
2.498
2.498
2.498
2.498
2.498
2.498
2.498
2.498
2.498
2.498
2.498
2.498
2.498
2.498
2.498
2.498
2.498
2.498
2.498
2.498
2.498
2.498
0.059
0.059
0.059
0.061
0.059
0.059
0.059
0.059
0.059
0.059
0.059
0.059
0.061
0.059
0.059
0.059
0.061
0.059
0.059
0.059
0.059
0.059
0.059
0.059
0.059
0.059
0.059
0.061
0.059
0.059
0.059
0.059
0.059
0.059
0.059
0.059
0.059
0.059
0.059
0.059
0.059
0.059
0.059
0.059
0.059
0.059
0.059
0.059
0.059
0.059
0.059
0.059
0.059
0.059
0.059
0.059
0.059
0.059
0.059
0.059
0.059
0.059
0.059
0.059
0.059
0.059
0.059
0.059
0.059
2.498
2.498
0.059
2.498
2.498
2.498
2.498
2.498
2.498
2.498
2.498
-1.877
-1.877
-1.877
-1.877
-1.877
-1.877
-1.877
-1.877
-1.877
-1.877
-1.877
-1.877
-1.877
-1.877
-1.877
-1.877
-1.877
2.498
2.498
2.498
2.498
2.498
2.498
2.498
2.498
2.498
2.498
2.498
2.498
2.498
2.498
2.498
2.498
2.498
2.498
2.498
2.498
2.498
2.498
2.498
2.498
2.498
2.498
2.498
2.498
2.498
2.498
2.498
2.498
2.498
2.498
2.498
2.498
2.498
2.498
2.498
2.498
2.498
2.498
2.498
2.498
2.498
2.498
2.498
2.498
2.498
2.498
2.498
2.498
2.498
2.498
2.498
2.498
2.498
2.498
2.498
2.498
2.498
2.498
2.498
2.498
2.498
2.498
2.498
2.498
2.498
2.498
2.498
2.498
2.498
2.498
2.498
2.498
2.498
2.498
2.498
2.498
2.498
2.498
2.498
2.498
2.498
2.498
2.498
2.498
2.498
2.498
2.498
2.498
2.498
2.498
2.498
2.498
2.498
2.498
2.498
2.498
2.498
2.498
2.498
2.498
2.498
2.498
2.498
2.498
2.498
2.498
0.059
0.061
1.443
1.646
1.731
0.059
0.068
0.061
0.059
0.061
0.059
0.061
0.061
0.061
0.061
0.061
0.059
0.059
0.061
0.061
0.063
0.061
0.061
0.061
0.061
0.061
0.059
0.061
0.059
0.059
0.061
0.059
0.061
0.059
0.061
0.059
0.059
0.061
0.059
0.061
0.059
0.061
0.061
0.059
0.059
0.059
0.061
0.061
0.061
0.059
0.059
0.061
0.056
0.061
0.059
0.061
0.061
0.061
0.059
0.061
0.061
0.059
0.059
0.061
0.061
0.061
0.059
0.061
0.059
0.061
0.061
0.061
0.061
0.061
0.059
0.066
0.063
0.063
0.066
0.063
0.059
0.061
0.061
0.061
2.498
2.498
2.498
2.498
2.498
2.498
2.498
2.498
2.498
2.498
2.498
2.498
2.498
2.498
0.352
0.352
0.354
0.349
0.339
0.339
0.349
0.347
0.342
0.352
0.349
0.347
0.347
0.354
0.344
0.344
0.344
0.354
0.344
0.342
0.349
0.339
0.344
2.498
2.498
2.498
2.498
2.498
2.498
2.498
2.498
2.498
2.498
2.498
2.498
2.498
2.498
2.498
2.498
2.498
2.498
2.498
2.498
2.498
2.498
2.498
0.808
1.523
2.498
2.498
2.498
2.498
0.713
1.768
0.420
2.463
0.498
0.901
0.833
0.222
0.083
0.071
0.071
0.071
0.068
0.066
0.066
0.061
0.061
0.056
0.056
0.051
0.046
0.044
0.042
0.039
0.042
0.042
0.044
0.044
0.044
0.046
0.046
0.046
0.046
0.046
0.046
0.044
0.042
0.042
0.042
0.044
0.044
0.044
0.046
0.046
0.046
0.046
0.049
0.049
0.049
0.049
0.049
0.046
0.044
0.042
0.042
0.039
0.037
0.037
0.034
0.034
0.032
0.032
0.029
0.029
0.029
0.029
0.027
0.027
0.027
0.027
0.024
0.024
0.024
0.024
0.024
0.024
0.024
0.024
0.022
0.022
0.022
0.022
0.022
0.022
0.022
0.022
0.022
0.022
0.022
0.022
0.022
0.022
0.022
0.020
0.020
0.020
0.020
0.020
0.020
0.020
0.020
0.020
0.020
0.020
0.020
0.020
0.020
0.020
0.017
0.017
0.017
0.017
0.017
0.017
0.017
0.017
0.017
0.017
-0.002
-0.002
-0.002
-0.002
-0.002
-0.002
-0.002
-0.002
-0.002
-0.002
-0.002
-0.002
-0.002
-0.002
-0.002
-0.002
-0.002
-0.002
-0.002
-0.002
-0.002
-0.002
-0.002
-0.002
-0.002
-0.002
-0.002
-0.002
-0.002
-0.002
-0.002
-0.002
-0.002
-0.002
-0.002
-0.002
-0.002
0.017
0.020
0.020
0.020
0.020
0.020
0.020
0.017
0.017
0.017
0.017
-0.002
-0.002
-0.002
-0.002
-0.002
-0.002
-0.002
-0.002
-0.002
-0.002
-0.002
-0.002
-0.002
-0.002
-0.002
-0.002
-0.002
-0.002
-0.002
-0.002
-0.002
-0.002
-0.002
-0.002
-0.002
-0.002
-0.002
-0.002
-0.002
-0.002
-0.002
-0.002
-0.002
-0.002
-0.002
-0.002
-0.002
-0.002
-0.002
-0.002
-0.002
-0.002
-0.002
-0.002
-0.002
-0.002
-0.002
-0.002
-0.002
-0.002
-0.002
-0.002
-0.002
-0.002
-0.002
-0.002
-0.002
-0.002
-0.002
-0.002
-0.002
0.017
0.020
0.022
0.022
0.022
0.022
0.020
0.020
0.022
0.027
0.029
0.032
0.034
0.037
0.039
0.042
0.044
0.046
0.049
0.051
0.051
0.051
0.049
0.049
0.046
0.046
0.046
0.044
0.044
0.042
0.042
0.039
0.039
0.039
0.037
0.037
0.034
0.034
0.034
0.032
0.032
0.032
0.029
0.029
0.029
0.029
0.029
0.027
0.027
0.027
0.024
0.024
0.024
0.024
0.024
0.022
0.022
0.022
0.022
0.022
0.022
0.022
0.020
0.020
0.020
0.020
0.020
0.020
0.020
0.020
0.020
0.020
0.020
0.020
0.020
0.020
0.020
0.020
0.020
0.020
0.020
0.020
0.022
0.027
0.024
0.024
0.024
0.024
0.022
0.022
0.022
0.022
0.022
0.022
0.022
0.020
0.020
0.020
0.020
0.020
0.017
0.017
0.017
-0.002
0.017
-0.002
-0.002
-0.002
-0.002
-0.002
-0.002
-0.002
-0.002
-0.002
-0.002
-0.002
-0.002
-0.002
-0.002
-0.002
-0.002
-0.002
-0.002
-0.002
-0.002
-0.002
-0.002
-0.002
-0.002
-0.002
-0.002
-0.002
-0.002
-0.002
-0.002
-0.002
-0.002
-0.002
-0.002
-0.002
-0.002
-0.002
-0.002
-0.002
0.286
2.498
0.840
2.498
0.762
1.377
2.498
2.498
2.188
2.498
2.498
2.498
2.498
2.498
2.498
2.498
2.498
2.498
2.498
2.498
2.498
2.498
2.498
2.498
2.498
2.498
2.498
2.498
2.498
2.498
2.498
2.498
2.498
2.498
2.498
2.498
2.498
2.498
2.498
2.498
2.498
2.498
2.498
2.498
2.498
2.498
2.498
2.498
2.498
2.498
2.498
2.498
2.498
2.498
2.498
2.498
2.498
2.498
2.498
2.498
2.498
2.498
2.498
2.498
2.498
2.498
2.498
2.498
2.498
2.498
2.498
2.498
2.498
0.239
2.024
0.977
1.836
0.637
0.315
0.088
0.073
0.076
0.081
0.083
0.085
0.085
0.085
0.085
0.088
0.088
0.088
0.088
0.088
0.085
0.085
0.085
0.088
0.090
0.093
0.095
0.095
0.098
0.098
0.098
0.100
0.100
0.100
0.103
0.103
0.103
0.103
0.103
0.103
0.103
0.103
0.103
0.103
0.103
0.103
0.103
0.103
0.103
0.103
0.103
0.103
0.100
0.098
0.095
0.093
0.093
0.090
0.088
0.088
0.085
0.085
0.083
0.083
0.081
0.081
0.078
0.078
0.076
0.076
0.073
0.073
0.071
0.071
0.071
0.068
0.068
0.066
0.066
0.063
0.063
0.063
0.061
0.061
0.061
0.059
0.059
0.059
0.056
0.056
0.054
0.054
0.054
0.051
0.051
0.051
0.049
0.049
0.049
0.049
0.049
0.046
0.046
0.046
0.046
0.046
0.046
0.044
0.044
0.044
0.044
0.044
0.042
0.042
0.042
0.042
0.039
0.039
0.039
0.039
0.037
0.037
0.037
0.037
0.037
0.034
0.034
0.034
0.034
0.034
0.034
0.034
0.032
0.032
0.032
0.032
0.029
