Start time: 7.12.2010 - 22h.38m.28s


-2.500
-2.500
-2.500
-2.500
-2.500
-2.500
-2.500
-2.500
-2.500
-2.500
-2.500
-2.500
-2.500
-2.500
-2.500
-2.500
-2.500
-2.500
-2.500
-2.500
-2.500
-2.500
-2.500
-2.500
-2.500
-2.500
-2.500
-2.500
-2.500
-2.500
-2.500
-2.500
-2.500
-2.500
-2.500
-2.500
-2.500
-2.500
-2.500
-2.500
-2.500
-2.500
-2.500
-2.500
-2.500
-2.500
-2.500
-2.500
-2.500
-2.500
-2.500
-2.500
-2.500
-2.500
-2.500
-2.500
-2.500
-2.500
-2.500
-2.500
-2.500
-2.500
-2.500
-2.500
-2.500
-2.500
