Start time: 4.28.2010 - 10h.47m.23s


0.027
0.024
-0.002
0.020
0.027
0.022
0.020
-0.002
0.020
0.022
0.017
0.024
0.022
0.017
-0.002
0.022
0.022
0.029
0.054
0.056
0.020
0.044
0.029
0.027
0.024
0.022
0.044
0.063
0.234
0.112
0.142
0.117
0.073
0.305
0.286
0.103
0.103
0.247
0.154
0.317
0.110
0.068
0.063
0.046
0.183
0.205
0.308
0.110
0.251
0.183
0.249
0.144
0.059
0.071
0.303
0.181
0.330
0.229
0.066
0.046
0.325
0.195
0.322
0.120
0.059
0.095
0.237
0.093
0.088
0.354
0.278
0.200
0.054
0.051
0.208
0.320
0.129
0.098
0.061
0.317
0.225
0.088
0.059
0.313
0.181
0.120
0.225
0.073
0.051
0.354
0.105
0.327
0.142
0.098
0.056
0.056
0.156
0.073
0.273
0.310
0.115
0.273
0.154
0.054
0.061
0.310
0.198
0.347
0.303
0.103
0.266
0.186
0.356
0.129
0.083
0.071
0.325
0.159
0.320
0.205
0.068
0.037
0.056
0.232
0.090
0.315
0.125
0.054
0.056
0.208
0.100
0.317
0.164
0.161
0.144
0.112
0.210
0.090
0.125
0.071
0.129
0.083
0.078
0.071
0.051
0.046
0.083
0.120
0.056
0.061
0.051
0.037
0.046
0.051
0.049
0.034
0.049
0.056
0.061
0.059
0.107
0.237
0.103
0.239
0.125
0.210
0.132
0.173
0.237
0.203
0.220
0.269
0.176
0.305
0.298
0.146
0.083
0.417
0.247
0.110
0.186
0.374
0.151
0.190
0.232
0.391
0.225
0.181
0.183
0.369
0.293
0.122
0.398
0.161
0.322
0.417
0.310
0.288
0.310
0.300
0.439
0.273
0.315
0.308
0.398
0.383
0.259
0.283
0.137
0.437
0.410
0.234
0.139
0.234
0.356
0.259
0.244
0.283
0.452
0.437
0.200
0.232
0.315
0.361
0.398
0.232
0.176
0.093
0.356
0.315
0.164
0.339
0.310
0.171
0.188
0.178
0.422
0.247
0.232
0.278
0.259
0.396
0.273
0.137
0.085
0.400
0.273
0.178
0.164
0.208
0.388
0.176
0.237
0.383
0.334
0.186
0.176
0.347
0.449
0.361
0.283
0.129
0.398
0.259
0.103
0.437
0.364
0.203
0.273
0.288
0.437
0.444
0.242
0.347
0.320
0.461
0.283
0.276
0.134
0.410
0.291
0.249
0.200
0.352
0.254
0.200
0.273
0.459
0.369
0.256
0.325
0.491
0.403
0.251
0.186
0.112
0.483
0.347
0.190
0.215
0.378
0.386
0.215
0.188
0.327
0.300
0.276
0.208
0.437
0.303
0.151
0.100
0.088
0.432
0.200
0.117
0.334
0.437
0.154
0.173
0.320
0.371
0.205
0.244
0.415
0.347
0.349
0.168
0.371
0.332
0.132
0.278
0.466
0.276
0.354
0.461
0.232
0.291
0.471
0.322
0.298
0.117
0.491
0.356
0.217
0.132
0.388
0.371
0.186
0.278
0.295
0.427
0.242
0.203
0.278
0.398
0.291
0.237
0.154
0.107
0.435
0.378
0.193
0.176
0.210
0.342
0.527
0.439
0.271
0.247
0.242
0.261
0.227
0.295
0.452
0.159
0.466
0.313
0.444
0.344
0.349
0.408
0.278
0.530
0.288
0.281
0.374
0.215
0.200
0.188
0.337
0.325
0.276
0.176
0.325
0.425
0.273
0.168
0.420
0.303
0.278
0.330
0.203
0.103
0.037
0.029
0.022
0.020
0.024
0.056
0.173
0.222
0.127
0.093
0.300
0.083
0.168
0.334
0.212
0.203
0.112
0.261
0.212
0.073
0.261
0.183
0.295
0.339
0.317
0.256
0.264
0.137
0.181
0.313
0.266
0.234
0.281
0.313
0.349
0.146
0.200
0.195
0.237
0.095
0.183
0.259
0.164
0.132
0.083
0.039
0.027
0.017
0.017
0.020
0.017
0.017
0.022
0.049
0.400
0.325
0.242
0.327
0.408
0.220
0.291
0.300
0.310
0.291
0.125
0.500
0.303
0.225
0.388
0.176
0.264
0.417
0.266
0.264
0.359
0.293
0.195
0.208
0.496
0.291
0.215
0.415
0.225
0.186
0.430
0.310
0.325
0.229
0.383
0.117
0.078
0.469
0.198
0.093
0.388
0.178
0.203
0.369
0.391
0.203
0.200
0.151
0.374
0.286
0.286
0.132
0.449
0.332
0.146
0.176
0.447
0.225
0.276
0.249
0.403
0.498
0.371
0.361
0.359
0.520
0.330
0.237
0.134
0.168
0.437
0.293
0.156
0.112
0.344
0.410
0.156
0.271
0.249
0.491
0.359
0.234
0.271
0.322
0.417
0.286
0.183
0.349
0.320
0.210
0.103
0.166
0.461
0.242
0.203
0.237
0.444
0.281
0.300
0.259
0.466
0.212
0.110
0.198
0.405
0.244
0.107
0.178
0.376
0.171
0.193
0.374
0.273
1.006
1.221
1.250
2.048
2.498
1.892
2.498
2.498
2.180
1.267
0.801
0.657
0.432
0.359
0.352
0.464
0.344
0.334
0.332
0.371
0.513
0.857
0.696
1.140
2.322
1.780
1.152
0.754
0.642
0.459
0.339
0.273
0.496
0.396
0.249
0.251
0.388
0.422
0.247
0.168
0.120
0.483
0.215
0.144
0.349
0.391
0.190
0.208
0.198
0.430
0.422
0.327
0.288
0.393
0.276
0.200
0.129
0.327
0.305
0.154
0.115
0.359
0.422
0.193
0.212
0.176
0.364
0.269
0.203
0.188
0.376
0.361
0.388
0.171
0.667
0.720
0.564
0.298
0.366
0.654
0.642
0.540
0.430
0.461
0.459
0.303
0.410
0.427
0.703
1.943
1.438
0.769
0.681
0.471
0.337
1.741
2.378
1.548
1.191
0.659
0.535
0.469
0.327
0.259
0.315
0.420
2.498
2.468
1.184
0.916
0.552
0.281
0.444
0.964
1.504
0.771
0.940
1.326
0.881
0.801
0.645
1.030
1.321
1.016
0.847
1.340
1.077
1.199
0.762
0.547
0.430
0.310
0.332
0.593
0.381
0.698
0.583
0.479
0.305
0.425
0.256
0.281
0.264
0.232
0.117
0.586
0.542
0.422
0.291
0.286
0.295
0.242
0.579
0.681
0.557
0.327
0.264
0.244
0.525
0.706
0.405
0.215
0.256
0.371
0.303
0.286
0.146
0.164
0.183
0.088
0.076
0.115
0.344
0.151
0.208
0.200
0.186
0.232
0.313
0.161
0.215
0.276
0.195
0.127
0.098
0.073
0.232
0.161
0.251
0.146
0.129
0.068
0.227
0.200
0.227
0.188
0.105
0.193
0.208
0.183
0.159
0.107
0.066
0.269
0.186
0.205
0.251
0.156
0.073
0.198
0.178
0.342
0.188
0.132
0.227
0.283
0.308
0.151
0.122
0.103
0.508
0.420
0.671
0.552
0.410
0.295
0.627
0.554
0.842
0.525
0.344
0.557
0.476
0.654
0.449
0.225
0.676
0.479
0.593
0.398
0.256
0.576
0.801
0.427
0.664
0.515
0.583
0.293
0.227
0.681
0.493
0.603
0.498
0.310
0.847
0.645
0.564
0.852
0.417
0.464
0.459
0.874
0.859
0.537
0.283
0.269
0.732
0.542
0.664
0.623
0.649
0.417
0.327
0.676
0.649
0.779
0.537
0.415
0.449
0.388
0.854
0.430
0.410
0.295
0.288
0.735
0.520
0.850
0.662
0.569
0.352
0.278
0.747
0.625
0.774
0.488
0.505
0.459
0.815
0.571
0.310
0.234
0.713
0.508
0.669
0.603
0.425
0.261
0.654
0.645
0.549
0.557
0.732
0.559
0.330
0.283
0.295
0.608
0.552
0.493
0.500
0.571
0.408
0.369
0.500
0.522
0.740
0.525
0.493
0.583
0.496
0.449
0.481
0.476
0.327
0.542
0.479
0.442
0.503
0.496
0.422
0.352
0.457
0.552
0.771
0.352
0.315
0.479
0.483
0.325
0.393
0.210
0.254
0.576
0.483
0.410
0.620
0.544
0.332
0.251
0.488
0.669
0.452
0.435
0.452
0.374
0.627
0.671
0.789
0.486
1.187
0.837
2.266
0.955
0.820
0.439
0.688
2.498
2.498
2.498
2.498
2.498
2.498
2.498
2.498
2.498
2.498
2.498
2.498
2.498
2.498
2.498
2.498
1.431
0.740
0.552
0.303
0.281
0.574
0.618
2.356
2.498
1.475
1.089
0.571
0.339
0.552
0.244
0.200
0.171
0.261
0.305
0.198
0.271
0.437
0.640
0.317
0.410
0.513
0.540
0.481
0.444
0.454
0.625
0.830
0.542
0.459
0.488
0.464
0.713
0.564
0.647
0.559
0.579
0.403
0.435
0.947
0.710
0.586
0.552
0.757
0.603
0.972
0.906
0.925
0.620
0.652
0.576
0.962
0.833
0.388
0.261
0.469
0.647
0.413
0.439
0.432
0.720
1.023
0.417
0.466
0.364
0.659
0.645
0.725
1.807
1.724
1.306
2.498
2.498
2.498
2.498
2.498
2.498
1.116
0.928
1.006
1.177
0.571
0.850
0.903
0.989
0.764
0.583
0.422
0.657
1.003
0.752
0.569
0.701
1.125
1.033
1.035
0.869
1.206
0.977
0.703
0.652
1.157
1.062
0.852
0.635
1.023
0.508
0.464
1.279
0.837
0.400
0.884
0.610
0.618
0.574
0.916
0.686
0.422
0.369
0.579
0.864
0.437
0.344
0.862
0.920
0.508
0.444
0.479
1.160
0.776
0.522
0.466
0.742
1.074
0.789
0.688
0.452
0.798
0.852
0.549
0.513
0.811
1.072
0.444
0.725
0.933
1.052
0.554
0.696
0.767
0.774
0.938
0.654
0.488
0.327
1.145
0.942
0.562
0.403
0.886
0.835
0.613
0.691
0.898
0.696
0.647
0.710
0.640
0.432
0.505
0.728
0.632
0.593
0.659
0.479
0.493
0.491
0.378
0.603
0.750
0.591
0.525
0.715
0.605
0.872
0.654
0.317
0.217
0.996
0.586
0.342
0.728
0.886
0.503
0.430
0.527
0.764
0.696
0.613
0.613
0.732
0.862
0.842
0.398
1.091
0.527
0.505
1.062
0.586
0.911
0.940
0.566
0.869
0.945
0.676
0.571
0.532
0.869
0.769
0.378
0.784
0.952
0.481
0.610
0.569
1.096
0.566
0.723
0.701
1.150
0.669
0.452
0.681
0.833
0.483
0.562
0.671
1.033
0.596
0.569
0.530
0.781
0.613
0.637
0.598
0.774
0.806
0.576
0.251
0.435
0.967
0.684
0.339
0.938
0.522
0.493
0.461
1.106
0.479
0.469
0.945
0.854
0.542
0.393
1.003
1.079
0.557
0.522
0.876
1.116
0.603
0.842
0.867
1.204
0.564
0.764
0.911
1.162
0.801
0.581
0.706
0.842
0.439
0.632
0.940
0.635
0.483
0.610
0.776
1.179
0.520
0.737
0.796
0.898
0.679
0.586
0.393
0.779
0.891
0.686
0.559
1.104
0.525
0.510
0.803
0.664
0.557
0.564
0.876
0.872
0.452
0.325
0.686
0.693
0.498
0.364
0.454
1.113
0.469
0.542
0.569
1.167
0.603
0.574
0.852
1.025
0.818
0.637
1.052
0.522
0.793
1.353
0.942
0.718
0.781
0.769
1.145
0.740
0.950
1.174
0.842
0.576
0.376
1.057
0.884
0.549
0.364
0.808
0.991
0.652
0.601
0.732
1.265
0.818
0.637
0.762
0.957
0.996
0.708
0.461
0.295
1.055
0.618
0.452
0.488
1.013
0.461
0.500
0.830
0.925
0.640
0.544
0.867
0.388
0.315
0.720
0.771
0.356
0.713
0.701
0.518
0.752
0.911
0.659
0.562
1.013
0.957
0.479
0.784
0.654
0.505
1.045
0.732
0.518
0.811
0.977
1.233
0.669
0.674
0.657
0.811
0.598
0.801
0.898
0.422
0.613
0.591
0.500
0.815
0.522
0.327
0.449
0.635
0.435
0.249
0.586
0.703
0.540
0.413
0.525
0.364
0.654
0.386
0.603
0.518
0.708
0.374
0.493
2.498
2.498
2.498
2.498
2.498
1.655
0.842
0.398
0.234
0.957
0.476
0.327
0.781
0.417
0.503
1.011
0.505
0.449
0.645
0.789
0.786
0.474
0.610
1.167
0.669
0.291
0.791
0.532
0.906
1.069
1.086
0.562
0.654
0.767
1.101
1.079
0.911
0.540
0.645
0.918
0.759
0.483
1.929
2.322
0.999
0.740
0.771
0.579
0.459
0.576
0.977
0.767
0.437
0.376
0.234
0.562
0.630
0.332
0.479
0.652
0.601
0.525
0.437
0.828
0.603
0.522
0.793
0.847
0.454
0.259
0.195
0.813
0.583
0.271
0.415
0.859
0.608
0.557
0.439
0.940
0.464
0.427
0.657
1.528
1.128
0.615
0.352
0.850
0.735
0.442
0.413
0.828
0.703
0.771
1.230
1.526
0.945
0.728
0.840
1.250
0.774
0.710
0.303
1.023
0.781
0.332
0.776
1.187
0.508
0.662
0.769
1.023
0.552
0.862
0.979
0.791
0.605
0.481
0.872
1.035
0.854
0.654
0.588
0.947
0.610
0.552
0.686
1.108
0.730
0.669
0.767
0.977
0.447
0.276
0.295
0.977
0.530
0.383
0.710
0.610
0.515
0.459
0.818
0.994
0.583
0.503
0.945
0.769
0.872
0.515
1.304
0.730
0.317
2.498
2.498
2.498
2.498
2.498
2.498
2.498
2.498
2.498
2.498
2.498
2.498
2.498
2.498
2.498
2.498
2.498
2.498
2.498
2.498
2.498
2.498
2.498
2.498
2.498
1.758
2.498
1.096
1.802
1.980
1.995
1.724
2.188
1.455
1.499
0.847
0.576
0.530
1.135
0.710
0.596
0.535
0.764
0.774
0.671
0.269
0.222
0.928
0.764
0.493
0.310
0.427
1.023
0.657
0.537
0.469
0.703
0.916
0.525
0.503
0.630
0.891
0.769
0.498
0.679
0.872
0.557
0.295
0.828
0.955
0.459
0.618
0.713
1.003
0.649
0.559
0.955
0.891
0.510
0.479
0.298
0.547
0.593
2.498
2.498
2.498
2.498
2.498
1.218
0.583
0.603
0.686
0.632
0.481
0.491
0.693
0.742
0.723
0.498
0.532
0.649
0.500
0.386
1.064
1.094
0.715
0.896
2.498
1.545
0.637
1.013
0.608
0.364
0.664
0.974
0.576
0.715
0.652
1.025
0.554
0.442
0.740
0.867
0.898
0.447
1.101
0.593
0.559
0.989
0.950
0.676
0.833
0.872
1.074
0.469
0.720
0.837
1.230
0.774
0.732
0.396
0.886
0.854
0.386
0.974
0.684
0.701
0.933
0.906
0.581
0.703
0.972
0.615
0.466
0.378
0.657
0.803
0.615
0.466
0.771
0.649
0.500
0.515
1.074
0.542
0.742
0.730
0.603
0.986
0.652
1.611
2.498
2.498
2.498
2.498
2.498
2.498
2.498
2.498
1.321
0.825
0.535
0.430
0.679
0.840
0.806
0.410
1.157
1.147
0.635
0.513
0.798
1.128
0.840
0.862
0.728
0.859
1.213
0.525
0.640
2.498
2.498
0.947
0.674
0.471
1.006
0.676
0.366
0.698
0.798
0.510
0.659
0.781
0.872
0.618
0.833
1.094
0.588
0.525
0.808
0.879
0.796
0.771
0.583
0.823
0.986
0.581
0.552
0.667
0.793
0.981
0.830
0.562
0.825
0.759
0.781
0.518
2.498
2.498
2.498
2.498
2.498
2.498
2.498
2.498
2.498
2.498
2.498
2.498
2.498
2.498
2.498
2.498
2.498
2.498
2.498
2.498
2.498
2.498
2.498
2.498
2.498
2.498
2.498
2.498
2.498
2.498
2.498
2.498
2.498
2.498
2.498
2.498
2.498
2.498
2.498
2.498
2.498
2.498
2.498
2.498
2.498
2.498
2.498
2.498
2.498
2.498
2.498
2.498
2.498
2.498
2.498
2.498
2.498
2.498
2.498
2.498
2.498
2.498
2.498
2.498
2.498
2.498
2.498
2.498
2.498
2.498
2.498
2.498
2.498
2.498
2.498
2.498
2.498
2.498
2.498
2.498
2.498
2.498
2.498
2.498
2.498
2.498
2.498
2.498
2.498
2.498
2.498
2.498
2.498
2.498
2.498
2.498
2.498
2.498
2.498
2.498
2.498
2.498
2.498
2.498
2.498
2.498
2.498
2.498
2.498
2.498
2.498
2.498
2.498
2.498
2.498
2.498
2.498
2.498
2.498
2.498
2.498
2.498
2.498
2.498
2.498
2.498
2.498
2.498
2.498
2.498
2.498
2.498
2.498
2.498
2.498
2.498
2.498
2.498
2.498
2.498
2.498
2.498
2.498
2.498
2.498
2.498
2.498
2.498
2.498
2.498
2.498
2.498
2.498
2.498
2.498
2.498
2.498
2.498
2.498
2.498
2.498
2.498
2.498
2.498
2.498
2.498
2.498
2.498
2.498
2.498
2.498
2.498
2.498
2.498
2.498
2.498
2.498
2.498
2.498
2.498
2.498
2.498
2.498
2.498
2.498
2.498
2.498
2.498
2.498
2.498
2.498
2.498
2.498
2.498
2.498
2.498
2.498
2.498
2.498
2.498
2.498
2.498
2.498
2.498
2.498
2.498
2.498
2.498
2.498
2.498
2.498
2.498
2.498
2.498
2.498
2.498
2.498
2.498
2.498
2.498
2.498
2.498
2.498
2.498
2.498
2.498
2.498
2.498
2.498
2.498
2.498
2.498
2.498
2.498
2.498
2.498
2.498
2.498
2.498
2.498
2.498
2.498
2.498
2.498
2.498
2.498
2.498
2.498
2.498
2.498
2.498
2.498
2.498
2.498
2.498
2.498
2.498
2.498
2.498
2.498
2.498
2.498
2.498
2.498
2.498
2.498
2.498
2.498
2.498
2.498
2.498
2.498
2.498
2.498
2.498
2.498
2.498
2.498
2.498
2.498
2.498
2.498
2.498
2.498
2.498
2.498
2.498
2.498
2.498
2.498
2.498
2.498
2.498
2.498
2.498
2.498
2.498
1.721
2.498
1.624
0.903
0.615
0.979
0.657
0.522
0.547
0.879
1.050
0.474
0.605
0.823
0.486
0.747
0.613
0.833
1.179
2.498
2.498
2.498
2.498
2.498
2.498
2.498
2.498
2.498
2.498
2.498
2.498
2.498
2.498
2.498
2.498
2.498
2.498
2.498
2.498
2.498
2.498
2.498
2.498
2.097
1.465
0.952
1.301
0.557
1.187
0.986
0.439
0.513
0.515
0.647
0.583
0.566
0.378
0.205
0.430
0.330
0.251
0.527
0.205
0.349
0.481
0.454
0.222
0.317
0.439
0.342
0.361
0.242
0.574
0.391
0.608
0.671
0.576
0.549
0.781
0.483
0.325
0.740
0.674
0.598
1.111
0.659
0.310
0.239
0.200
0.291
0.369
0.310
0.205
0.227
0.225
0.220
0.193
0.227
0.305
0.327
0.330
0.276
0.259
0.352
0.391
0.391
0.471
0.396
0.242
0.315
0.461
0.510
0.313
0.283
0.259
0.339
0.342
0.500
0.530
0.566
0.378
0.322
0.271
0.266
0.247
0.330
0.425
0.527
0.349
0.491
0.430
0.293
0.498
0.420
0.310
0.222
0.339
0.569
0.278
0.217
0.198
0.156
0.215
0.242
0.151
0.154
0.205
0.164
0.149
0.105
0.115
0.222
0.232
0.205
0.183
0.188
0.137
0.112
0.186
0.273
0.278
0.288
0.300
0.337
0.313
0.271
0.276
0.474
0.444
0.317
0.220
0.352
0.442
0.313
0.313
0.322
1.287
1.824
2.114
1.311
0.857
0.603
0.918
0.508
0.320
0.422
0.408
0.303
0.461
0.408
0.212
0.183
0.212
0.266
0.320
0.337
0.317
0.278
0.195
0.181
0.261
0.237
0.183
0.168
0.247
0.256
0.251
0.251
0.300
0.249
0.183
0.474
0.386
0.352
0.593
0.708
0.593
0.386
0.598
0.442
0.349
0.708
1.033
0.635
0.452
0.562
0.806
1.533
1.047
0.688
0.574
0.542
0.471
0.449
0.391
0.291
0.334
0.364
0.549
0.476
0.381
0.352
0.242
0.239
0.361
0.439
0.547
0.652
0.608
0.552
0.569
0.518
0.415
0.449
0.364
0.349
0.381
0.623
0.615
0.481
0.708
0.706
0.461
0.576
0.405
0.776
1.082
0.657
0.413
0.295
0.273
0.234
0.234
0.227
0.256
0.269
0.303
0.288
0.205
0.176
0.190
0.244
0.308
0.300
0.283
0.220
0.190
0.181
0.190
0.247
0.417
0.461
0.488
0.361
0.313
0.498
0.515
0.515
0.457
0.986
1.174
0.635
1.104
0.649
0.542
0.652
0.706
0.498
0.505
0.437
0.613
0.627
0.618
0.615
0.498
0.457
0.361
0.276
0.266
0.308
0.452
0.542
0.693
2.498
2.498
1.814
1.572
2.498
1.343
0.540
0.701
1.677
1.313
0.771
0.601
2.051
1.182
2.498
2.498
-0.054
-0.002
-0.002
-0.002
-0.002
-0.005
-0.005
-0.005
-0.007
-0.007
-0.007
-0.007
-0.007
-0.007
-0.007
-0.007
-0.007
-0.005
-0.005
-0.005
-0.005
-0.005
-0.005
-0.005
-0.005
-0.005
-0.005
-0.005
-0.005
-0.005
-0.005
-0.005
-0.005
-0.005
-0.005
-0.002
-0.002
-0.002
-0.002
-0.002
-0.002
-0.002
-0.002
-0.002
-0.002
-0.002
-0.002
-0.002
-0.002
-0.002
-0.002
-0.002
-0.002
-0.002
-0.002
-0.002
-0.002
-0.002
-0.002
-0.002
-0.002
-0.002
-0.002
-0.002
-0.002
-0.002
-0.002
-0.002
-0.002
-0.002
-0.002
-0.002
-0.002
-0.002
-0.002
-0.002
-0.002
-0.002
-0.002
-0.002
-0.002
-0.002
-0.002
-0.002
-0.002
-0.002
-0.002
-0.002
-0.002
-0.002
-0.002
-0.002
-0.002
-0.002
-0.002
-0.002
-0.002
-0.002
-0.002
-0.002
-0.002
-0.002
-0.002
-0.002
-0.002
-0.002
-0.002
-0.002
-0.002
-0.002
-0.002
-0.002
-0.002
-0.002
-0.002
-0.002
-0.002
-0.002
-0.002
-0.002
-0.002
-0.002
-0.002
-0.002
-0.002
-0.002
-0.002
-0.002
-0.002
-0.002
-0.002
-0.002
-0.002
-0.002
-0.002
-0.002
-0.002
-0.002
-0.002
-0.002
-0.002
-0.002
-0.002
-0.002
-0.002
-0.002
-0.002
-0.002
-0.002
-0.002
-0.002
-0.002
-0.002
-0.002
-0.002
-0.002
-0.002
-0.002
-0.002
-0.002
-0.002
-0.002
-0.002
-0.002
-0.002
-0.002
-0.002
-0.002
-0.002
-0.002
-0.002
-0.002
-0.002
-0.002
-0.002
0.017
0.017
0.017
0.017
0.017
-0.002
0.017
0.017
0.017
0.020
0.017
0.017
0.020
0.020
0.020
0.020
0.020
0.017
0.020
0.020
0.020
0.020
0.017
0.020
0.020
0.020
0.020
0.020
0.020
0.020
0.020
0.020
0.020
0.020
0.020
0.020
0.020
0.020
0.020
0.020
0.020
0.020
0.020
0.020
0.020
0.020
0.020
0.020
0.020
0.020
0.020
0.020
0.020
0.020
0.020
0.020
0.020
0.020
0.020
0.020
0.020
0.020
0.020
0.020
0.020
0.020
0.020
0.020
0.020
0.020
0.020
0.020
0.020
0.020
0.020
0.020
0.020
0.020
0.020
0.022
0.022
0.022
0.022
0.022
0.022
0.022
0.022
0.020
0.020
0.022
0.020
0.022
0.020
0.020
0.020
0.020
0.020
0.0