Start time: 4.28.2010 - 10h.41m.14s


0.400
0.383
0.388
0.378
0.400
0.391
0.386
0.398
0.393
0.396
0.386
0.400
0.391
0.410
0.400
0.383
0.396
0.383
0.391
0.386
0.381
0.386
0.381
0.391
0.396
0.396
0.374
0.349
0.396
0.364
0.325
0.408
0.437
0.342
0.400
0.430
0.308
0.483
0.325
0.437
0.354
0.396
0.410
0.125
0.317
0.330
0.447
-0.090
0.793
1.055
-0.078
0.454
0.422
0.334
0.352
0.410
0.378
0.422
0.376
0.439
0.435
0.469
0.381
0.439
0.498
0.403
0.479
0.354
0.457
0.869
0.957
0.613
1.233
1.150
0.513
1.140
0.864
0.583
0.410
0.767
0.730
0.435
0.276
0.254
0.093
0.090
0.059
0.154
0.054
0.034
0.085
0.061
0.044
0.071
0.098
0.037
0.024
0.151
0.059
0.029
0.098
0.032
0.020
0.020
-0.002
0.020
0.020
0.017
0.022
0.022
0.178
0.168
0.056
0.029
0.056
0.330
0.117
0.046
0.032
0.022
0.645
0.491
0.422
0.916
0.654
0.359
0.095
0.059
0.076
0.112
0.051
0.166
0.083
0.034
0.183
0.217
0.125
0.090
0.317
0.471
0.286
0.112
0.051
0.061
0.042
0.032
0.161
0.195
0.085
0.093
0.095
0.042
0.054
0.042
0.034
0.020
0.779
0.454
0.293
0.161
0.989
1.125
1.604
2.400
1.797
1.516
0.916
1.270
2.112
1.328
1.672
2.041
2.441
2.498
1.150
1.199
0.625
1.423
1.792
2.402
0.867
1.499
1.709
1.436
0.557
0.237
0.090
0.039
0.022
0.027
0.029
0.029
0.029
0.017
0.020
-0.002
0.020
0.022
-0.002
-0.002
0.020
-0.002
-0.002
-0.002
0.022
0.020
0.020
-0.002
0.022
0.022
0.020
0.020
-0.002
0.020
0.034
0.027
-0.002
0.022
-0.002
0.024
0.022
0.020
0.017
0.020
0.020
-0.002
-0.002
-0.002
0.017
0.017
0.017
0.020
0.017
0.122
0.032
0.024
0.024
0.017
0.022
0.154
0.068
0.027
0.017
0.017
0.146
0.051
0.042
0.020
0.017
-0.002
0.020
0.024
0.022
0.017
-0.002
0.017
-0.002
0.020
0.020
0.020
-0.002
-0.002
0.020
0.024
0.017
0.017
0.022
0.020
0.017
0.020
-0.002
0.022
-0.002
-0.002
0.017
-0.002
0.020
0.017
-0.002
0.022
-0.002
0.017
0.020
-0.002
0.020
0.020
0.020
0.020
0.029
0.027
1.909
1.716
1.409
1.233
1.277
1.001
0.955
1.206
1.941
2.200
1.609
1.755
1.296
1.228
1.121
0.940
1.040
0.742
0.400
0.293
0.149
0.071
0.039
0.029
0.034
0.020
0.020
-0.002
0.022
0.017
0.020
0.017
0.020
0.022
-0.002
0.017
-0.002
-0.002
-0.002
-0.002
0.020
0.398
0.137
0.034
0.022
0.020
-0.002
0.020
0.020
0.020
0.325
0.210
0.068
0.029
0.020
0.042
0.034
0.024
0.225
0.161
0.078
0.037
0.476
2.058
1.650
0.830
0.586
0.288
0.229
0.129
0.098
0.049
0.037
0.059
0.071
0.037
0.027
0.024
0.032
0.022
0.024
0.020
0.027
0.029
0.024
0.017
0.022
0.027
0.020
0.034
0.029
0.022
0.022
0.020
0.027
0.017
0.022
0.032
0.022
0.032
0.024
0.042
0.024
0.029
0.669
0.750
0.347
0.139
0.049
0.032
0.713
0.442
0.215
0.098
0.037
0.027
0.027
0.017
0.020
0.022
0.017
0.022
0.024
0.615
0.352
0.134
0.061
0.027
0.027
0.020
0.554
0.500
0.234
0.144
0.071
0.049
0.034
0.027
0.032
0.022
0.022
0.020
0.017
0.017
0.022
0.020
0.022
0.024
0.022
0.022
0.022
0.024
0.044
0.034
0.037
0.027
0.027
0.022
0.022
0.034
0.037
1.064
1.045
0.559
2.002
1.887
0.881
0.615
2.102
1.802
0.781
0.752
0.479
0.315
0.791
0.491
0.374
0.374
0.488
0.532
0.515
0.601
0.854
1.897
1.377
0.549
0.337
0.156
0.146
1.282
1.194
0.339
0.464
0.557
0.791
0.718
0.642
1.262
1.343
1.758
2.258
1.138
0.806
0.461
0.344
0.195
0.146
0.127
0.669
0.430
0.396
0.298
0.198
0.115
0.085
0.063
0.061
0.078
0.044
0.054
0.034
0.039
0.266
0.103
0.684
0.369
0.469
1.421
1.035
0.547
0.481
0.571
0.383
0.388
0.386
0.374
0.393
0.405
0.393
0.393
0.391
0.376
0.393
0.374
0.391
0.381
0.388
0.378
2.483
2.483
2.483
2.485
2.485
2.483
2.483
2.485
2.485
2.483
2.483
2.483
2.478
2.485
2.483
2.483
2.483
2.483
2.483
2.483
2.483
2.483
2.485
2.483
2.485
2.483
2.483
2.483
2.483
2.483
2.483
2.483
2.483
2.476
2.485
2.483
2.485
2.483
2.483
2.483
2.480
2.483
2.483
2.483
2.483
2.483
2.483
2.483
2.483
2.483
2.483
2.483
2.480
2.483
2.483
2.483
