Start time: 4.28.2010 - 10h.45m.15s


0.061
0.063
0.085
0.068
0.066
0.081
0.105
0.200
0.076
0.222
2.498
1.113
0.945
2.498
2.498
0.906
1.113
0.759
0.586
1.077
0.286
0.349
0.249
0.386
0.088
0.073
0.059
2.498
1.006
1.670
0.640
2.029
0.195
2.239
0.369
0.083
0.383
0.376
0.386
0.068
0.076
0.061
0.103
0.071
0.076
0.068
0.056
0.073
0.049
0.083
0.056
0.068
0.056
2.498
2.498
0.762
2.498
1.069
2.498
0.598
0.322
0.159
0.339
0.435
0.242
0.178
0.996
2.498
2.498
2.498
2.498
2.498
2.498
2.498
2.498
1.812
0.671
0.471
0.557
0.178
2.151
0.403
1.689
0.291
0.703
0.884
0.876
0.649
0.254
0.237
0.129
0.198
0.137
0.129
0.100
0.085
0.054
0.193
0.256
0.835
